ALA	ARG	ASN	ASP	CYS	GLU	GLN	GLY	HIS	ILE	LEU	LYS	MET	PHE	PRO	SER	THR	TRP	TYR	VAL
ALA	0	0	0	0	0	0	0	0	0	0	0	0	0	0	0	0	0	0	0	0
ARG	0.697	0	0	0	0	0	0	0	0	0	0	0	0	0	0	0	0	0	0	0
ASN	0.701	0.958	0	0	0	0	0	0	0	0	0	0	0	0	0	0	0	0	0	0
ASP	0.477	0.888	0.842	0	0	0	0	0	0	0	0	0	0	0	0	0	0	0	0	0
CYS	0.645	0.344	0.359	0.202	0	0	0	0	0	0	0	0	0	0	0	0	0	0	0	0
GLU	0.504	0.893	0.861	0.977	0.192	0	0	0	0	0	0	0	0	0	0	0	0	0	0	0
GLN	0.716	0.921	0.936	0.826	0.41	0.821	0	0	0	0	0	0	0	0	0	0	0	0	0	0
GLY	1.004	0.746	0.818	0.606	0.635	0.592	0.826	0	0	0	0	0	0	0	0	0	0	0	0	0
HIS	0.822	0.875	0.893	0.711	0.49	0.732	0.896	0.873	0	0	0	0	0	0	0	0	0	0	0	0
ILE	0.887	0.826	0.844	0.62	0.497	0.66	0.82	0.88	0.859	0	0	0	0	0	0	0	0	0	0	0
LEU	0.876	0.864	0.868	0.675	0.477	0.712	0.823	0.857	0.866	1.125	0	0	0	0	0	0	0	0	0	0
LYS	0.465	0.879	0.796	0.847	0.123	0.903	0.761	0.538	0.702	0.631	0.67	0	0	0	0	0	0	0	0	0
MET	0.971	0.716	0.748	0.508	0.508	0.554	0.764	0.897	0.802	0.969	0.964	0.519	0	0	0	0	0	0	0	0
PHE	0.868	0.817	0.847	0.62	0.457	0.65	0.783	0.888	0.869	1.089	1.082	0.6	0.955	0	0	0	0	0	0	0
PRO	0.43	0.777	0.796	0.811	0.165	0.792	0.776	0.629	0.696	0.586	0.622	0.752	0.473	0.607	0	0	0	0	0	0
SER	0.932	0.889	0.883	0.703	0.612	0.7	0.929	1.029	0.928	0.919	0.924	0.647	0.905	0.908	0.659	0	0	0	0	0
THR	0.931	0.86	0.908	0.685	0.583	0.689	0.892	1.022	0.923	0.989	0.991	0.677	0.956	0.956	0.659	1.069	0	0	0	0
TRP	0.743	0.884	0.849	0.714	0.452	0.714	0.831	0.787	0.854	0.938	0.946	0.673	0.784	0.925	0.653	0.833	0.862	0	0	0
TYR	0.886	0.921	0.924	0.679	0.485	0.7	0.88	0.898	0.951	0.983	0.991	0.693	0.935	0.993	0.649	0.971	0.968	0.951	0	0
VAL	1.005	0.813	0.81	0.61	0.588	0.633	0.825	0.97	0.887	1.086	1.089	0.595	1.028	1.028	0.563	0.997	1.044	0.919	1	0
