ALA	ARG	ASN	ASP	CYS	GLU	GLN	GLY	HIS	ILE	LEU	LYS	MET	PHE	PRO	SER	THR	TRP	TYR	VAL
ALA	0	0	0	0	0	0	0	0	0	0	0	0	0	0	0	0	0	0	0	0
ARG	0.9	0	0	0	0	0	0	0	0	0	0	0	0	0	0	0	0	0	0	0
ASN	0.644	0.734	0	0	0	0	0	0	0	0	0	0	0	0	0	0	0	0	0	0
ASP	0.832	0.873	0.56	0	0	0	0	0	0	0	0	0	0	0	0	0	0	0	0	0
CYS	0.372	0.353	0.228	0.25	0	0	0	0	0	0	0	0	0	0	0	0	0	0	0	0
GLU	0.94	0.922	0.63	0.8	0.37	0	0	0	0	0	0	0	0	0	0	0	0	0	0	0
GLN	0.676	0.659	0.486	0.688	0.27	0.635	0	0	0	0	0	0	0	0	0	0	0	0	0	0
GLY	1.138	0.968	0.597	0.758	0.431	0.957	0.664	0	0	0	0	0	0	0	0	0	0	0	0	0
HIS	0.437	0.528	0.455	0.517	0.209	0.511	0.405	0.471	0	0	0	0	0	0	0	0	0	0	0	0
ILE	1.22	0.971	0.613	0.863	0.393	0.983	0.744	1.172	0.444	0	0	0	0	0	0	0	0	0	0	0
LEU	1.212	0.977	0.608	0.856	0.383	1.123	0.693	1.222	0.466	1.255	0	0	0	0	0	0	0	0	0	0
LYS	0.966	0.989	0.644	0.875	0.382	0.977	0.711	0.962	0.526	0.991	1.08	0	0	0	0	0	0	0	0	0
MET	0.713	0.636	0.381	0.713	0.226	0.705	0.557	0.697	0.557	0.746	0.727	0.715	0	0	0	0	0	0	0	0
PHE	0.883	0.79	0.473	0.686	0.446	0.949	0.568	0.876	0.463	0.885	1.01	0.816	0.672	0	0	0	0	0	0	0
PRO	0.45	0.402	0.372	0.422	0.135	0.458	0.44	0.371	0.376	0.425	0.432	0.498	0.28	0.379	0	0	0	0	0	0
SER	1.032	0.912	0.601	0.866	0.381	1.036	0.759	1	0.446	1.094	1.128	0.998	0.722	0.863	0.464	0	0	0	0	0
THR	1.123	0.935	0.669	0.85	0.369	1.075	0.668	1.113	0.501	1.142	1.213	0.999	0.702	0.889	0.447	1.008	0	0	0	0
TRP	0.406	0.432	0.34	0.387	0.14	0.381	0.396	0.473	0.295	0.429	0.396	0.402	0.361	0.368	0.257	0.372	0.417	0	0	0
TYR	0.935	0.828	0.532	0.731	0.356	0.853	0.698	0.956	0.407	0.983	1.029	0.826	0.634	0.799	0.408	0.877	0.937	0.366	0	0
VAL	1.165	1.002	0.635	0.816	0.416	1.029	0.722	1.21	0.456	1.337	1.296	1.004	0.683	0.929	0.407	1.076	1.18	0.429	1	0
